length,NULL,0.031455556,0.011324,0.003166,0.004065,0.004237,-0.00104,0.003828,-0.00398
width.segment1,NULL,0.001670909,0.003166,0.000919,0.001154,0.0012,-0.00028,0.000853,-0.00095
width.segment4,NULL,0.002615789,0.004065,0.001154,0.001491,0.001554,-0.00031,0.001112,-0.00119
width.segment7,NULL,0.002989286,0.004237,0.0012,0.001554,0.001674,-0.00025,0.001079,-0.00112
hue,NULL,0.003344146,-0.00104,-0.00028,-0.00031,-0.00025,0.0013711,-0.00197,0.000934
saturation,NULL,0.010865217,0.003828,0.000853,0.001112,0.001079,-0.00197,0.004998,-0.00342
brightness,NULL,0.007764151,-0.00398,-0.00095,-0.00119,-0.00112,0.000934,-0.00342,0.004115
