length,NULL,0.048528,0.01747,0.004523,0.006289,0.006953,-0.00071,0.006078,-0.00165
width.segment1,NULL,0.005004,0.004523,0.002752,0.003704,0.004171,-0.00031,0.002726,-0.00197
width.segment4,NULL,0.008791,0.006289,0.003704,0.005011,0.005646,-0.00038,0.003721,-0.00281
width.segment7,NULL,0.011432,0.006953,0.004171,0.005646,0.006402,-0.0004,0.004201,-0.00302
hue,NULL,0.000876,-0.00071,-0.00031,-0.00038,-0.0004,0.000359,-0.0004,-0.000672
saturation,NULL,0.013846,0.006078,0.002726,0.003721,0.004201,-0.0004,0.006369,-0.0028
brightness,NULL,0.015992,-0.00165,-0.00197,-0.00281,-0.00302,-0.000672,-0.0028,0.008476
